epoch=1 likelihood(train): 1.1754277958441508
epoch=1 likelihood(validation): 1.6654143136378299
epoch=2 likelihood(train): 0.9002472119869621
epoch=2 likelihood(validation): 1.3175122207190564
